Value for bc's (0.000, 0.000): {(0.000, 0.000, 0.000, 0.000, 0.000, 0.000, 0.000, 0.000, 0.000), (0.400, 0.800, 1.000, 1.000, 1.000, 1.000, 1.000, 0.800, 0.400), (0.400, 0.800, 1.200, 1.400, 1.400, 1.200, 1.000, 0.800, 0.400), (0.600, 1.200, 1.600, 1.800, 1.800, 1.600, 1.200, 0.800, 0.400), (0.600, 1.000, 1.400, 1.600, 1.800, 1.800, 1.600, 1.200, 0.600), (0.600, 1.000, 1.400, 1.600, 1.800, 2.000, 2.000, 1.600, 0.800)}
Value for bc's (0.000, 0.200): {(0.400, 0.800, 1.000, 1.000, 1.000, 1.000, 0.800, 0.600, 0.400), (0.400, 0.800, 1.200, 1.400, 1.400, 1.200, 1.000, 0.800, 0.600), (0.600, 1.000, 1.400, 1.600, 1.600, 1.600, 1.400, 1.000, 0.600), (0.600, 1.200, 1.600, 1.800, 2.000, 2.000, 1.800, 1.400, 0.800)}
Value for bc's (0.000, 0.400): {(0.400, 0.800, 1.000, 1.000, 1.000, 1.000, 1.000, 0.800, 0.600), (0.400, 0.800, 1.200, 1.400, 1.400, 1.200, 1.000, 0.800, 0.600), (0.400, 0.800, 1.000, 1.200, 1.400, 1.400, 1.400, 1.200, 0.800), (0.600, 1.000, 1.400, 1.600, 1.800, 1.800, 1.600, 1.200, 0.800), (0.600, 1.000, 1.400, 1.600, 1.800, 2.000, 2.000, 1.600, 1.000)}
Value for bc's (0.000, 0.600): {(0.400, 0.800, 1.000, 1.000, 1.000, 1.000, 1.000, 1.000, 0.800), (0.400, 0.800, 1.000, 1.200, 1.400, 1.400, 1.200, 1.000, 0.800), (0.600, 1.000, 1.400, 1.600, 1.600, 1.600, 1.600, 1.400, 1.000), (0.600, 1.200, 1.600, 1.800, 2.000, 2.000, 1.800, 1.600, 1.200)}
Value for bc's (0.000, 0.800): {(0.400, 0.800, 1.000, 1.000, 1.000, 1.000, 1.000, 1.000, 1.000), (0.400, 0.800, 1.000, 1.200, 1.400, 1.400, 1.400, 1.200, 1.000), (0.600, 1.000, 1.400, 1.600, 1.800, 1.800, 1.800, 1.600, 1.200), (0.600, 1.000, 1.400, 1.600, 1.800, 2.000, 2.000, 2.000, 1.600)}
Value for bc's (0.000, 1.000): {(0.400, 0.800, 1.000, 1.000, 1.000, 1.000, 1.000, 1.000, 1.000), (0.400, 0.800, 1.000, 1.200, 1.400, 1.400, 1.400, 1.400, 1.200), (0.600, 1.000, 1.400, 1.600, 1.600, 1.600, 1.600, 1.600, 1.400), (0.600, 1.200, 1.600, 1.800, 2.000, 2.000, 1.800, 1.600, 1.400), (0.600, 1.000, 1.400, 1.600, 1.800, 2.000, 2.000, 2.000, 1.600)}
Value for bc's (0.000, 1.200): {(0.400, 0.800, 1.000, 1.200, 1.200, 1.200, 1.200, 1.200, 1.200), (0.600, 1.000, 1.400, 1.600, 1.800, 1.800, 1.800, 1.800, 1.600)}
Value for bc's (0.000, 1.400): {(0.400, 0.800, 1.000, 1.200, 1.400, 1.400, 1.400, 1.400, 1.400), (0.600, 1.000, 1.400, 1.600, 1.600, 1.600, 1.600, 1.600, 1.600), (0.600, 1.000, 1.400, 1.600, 1.800, 2.000, 2.000, 1.800, 1.600)}
Value for bc's (0.000, 1.600): {(0.600, 1.000, 1.400, 1.600, 1.600, 1.600, 1.600, 1.600, 1.600), (0.600, 1.000, 1.400, 1.600, 1.800, 2.000, 2.000, 2.000, 1.800)}
Value for bc's (0.000, 1.800): {(0.600, 1.000, 1.400, 1.600, 1.800, 1.800, 1.800, 1.800, 1.800)}
Value for bc's (0.000, 2.000): {(0.600, 1.000, 1.400, 1.600, 1.800, 2.000, 2.000, 2.000, 2.000)}
Value for bc's (0.200, 0.000): {(0.400, 0.600, 0.800, 1.000, 1.000, 1.000, 1.000, 0.800, 0.400), (0.600, 1.000, 1.200, 1.200, 1.200, 1.200, 1.000, 0.800, 0.400), (0.800, 1.400, 1.800, 2.000, 2.000, 1.600, 1.200, 0.800, 0.400), (0.600, 1.000, 1.400, 1.600, 1.600, 1.600, 1.400, 1.000, 0.600), (0.800, 1.400, 1.800, 2.000, 2.000, 1.800, 1.600, 1.200, 0.600), (0.600, 1.000, 1.400, 1.600, 1.800, 2.000, 2.000, 1.600, 0.800), (0.800, 1.400, 1.800, 2.000, 2.000, 2.000, 2.000, 1.600, 0.800)}
Value for bc's (0.200, 0.200): {(0.400, 0.600, 0.600, 0.600, 0.600, 0.600, 0.600, 0.600, 0.400), (0.400, 0.600, 0.800, 1.000, 1.000, 1.000, 0.800, 0.600, 0.400), (0.600, 1.000, 1.200, 1.200, 1.200, 1.000, 0.800, 0.600, 0.400), (0.600, 1.000, 1.400, 1.600, 1.600, 1.600, 1.400, 1.000, 0.600), (0.800, 1.400, 1.800, 2.000, 2.000, 2.000, 1.800, 1.400, 0.800), (0.600, 1.000, 1.400, 1.600, 1.800, 2.000, 2.000, 1.600, 1.000)}
Value for bc's (0.200, 0.400): {(0.400, 0.600, 0.600, 0.600, 0.600, 0.600, 0.600, 0.600, 0.600), (0.400, 0.600, 0.800, 1.000, 1.000, 1.000, 1.000, 0.800, 0.600), (0.600, 1.000, 1.200, 1.200, 1.200, 1.200, 1.000, 0.800, 0.600), (0.400, 0.600, 0.800, 1.000, 1.200, 1.400, 1.400, 1.200, 0.800), (0.600, 1.000, 1.200, 1.400, 1.400, 1.400, 1.400, 1.200, 0.800), (0.600, 1.000, 1.400, 1.600, 1.800, 1.800, 1.600, 1.200, 0.800), (0.800, 1.400, 1.800, 2.000, 2.000, 1.800, 1.600, 1.200, 0.800), (0.600, 1.000, 1.400, 1.600, 1.800, 2.000, 2.000, 1.600, 1.000), (0.800, 1.400, 1.800, 2.000, 2.000, 2.000, 2.000, 1.600, 1.000)}
Value for bc's (0.200, 0.600): {(0.400, 0.600, 0.600, 0.600, 0.600, 0.600, 0.600, 0.600, 0.600), (0.600, 0.800, 0.800, 0.800, 0.800, 0.800, 0.800, 0.800, 0.800), (0.400, 0.600, 0.800, 1.000, 1.200, 1.200, 1.200, 1.000, 0.800), (0.600, 1.000, 1.200, 1.200, 1.200, 1.200, 1.200, 1.000, 0.800), (0.600, 1.000, 1.400, 1.600, 1.600, 1.600, 1.600, 1.400, 1.000), (0.800, 1.400, 1.800, 2.000, 2.000, 1.800, 1.600, 1.400, 1.000), (0.600, 1.000, 1.400, 1.600, 1.800, 2.000, 2.000, 1.600, 1.200), (0.800, 1.400, 1.800, 2.000, 2.000, 2.000, 2.000, 1.800, 1.200)}
Value for bc's (0.200, 0.800): {(0.400, 0.600, 0.800, 0.800, 0.800, 0.800, 0.800, 0.800, 0.800), (0.400, 0.600, 0.800, 1.000, 1.200, 1.200, 1.200, 1.200, 1.000), (0.600, 1.000, 1.200, 1.200, 1.200, 1.200, 1.200, 1.200, 1.000), (0.600, 1.000, 1.400, 1.600, 1.800, 1.800, 1.800, 1.600, 1.200), (0.800, 1.400, 1.800, 2.000, 2.000, 2.000, 1.800, 1.600, 1.200), (0.600, 1.000, 1.400, 1.600, 1.800, 2.000, 2.000, 2.000, 1.600)}
Value for bc's (0.200, 1.000): {(0.400, 0.600, 0.800, 1.000, 1.000, 1.000, 1.000, 1.000, 1.000), (0.600, 1.000, 1.200, 1.200, 1.200, 1.200, 1.200, 1.200, 1.200), (0.400, 0.600, 0.800, 1.000, 1.200, 1.400, 1.400, 1.400, 1.200), (0.600, 1.000, 1.400, 1.600, 1.600, 1.600, 1.600, 1.600, 1.400), (0.800, 1.400, 1.800, 2.000, 2.000, 2.000, 1.800, 1.600, 1.400), (0.600, 1.000, 1.400, 1.600, 1.800, 2.000, 2.000, 2.000, 1.600)}
Value for bc's (0.200, 1.200): {(0.400, 0.600, 0.800, 1.000, 1.200, 1.200, 1.200, 1.200, 1.200), (0.600, 1.000, 1.200, 1.200, 1.200, 1.200, 1.200, 1.200, 1.200), (0.600, 1.000, 1.400, 1.600, 1.800, 1.800, 1.800, 1.800, 1.600), (0.800, 1.400, 1.800, 2.000, 2.000, 2.000, 2.000, 1.800, 1.600)}
Value for bc's (0.200, 1.400): {(0.400, 0.600, 0.800, 1.000, 1.200, 1.400, 1.400, 1.400, 1.400), (0.600, 1.000, 1.200, 1.400, 1.400, 1.400, 1.400, 1.400, 1.400), (0.600, 1.000, 1.400, 1.600, 1.800, 1.800, 1.800, 1.800, 1.600), (0.800, 1.400, 1.800, 2.000, 2.000, 2.000, 2.000, 1.800, 1.600)}
Value for bc's (0.200, 1.600): {(0.600, 1.000, 1.400, 1.600, 1.600, 1.600, 1.600, 1.600, 1.600), (0.600, 1.000, 1.400, 1.600, 1.800, 2.000, 2.000, 2.000, 1.800), (0.800, 1.400, 1.800, 2.000, 2.000, 2.000, 2.000, 2.000, 1.800)}
Value for bc's (0.200, 1.800): {(0.600, 1.000, 1.400, 1.600, 1.800, 1.800, 1.800, 1.800, 1.800), (0.800, 1.400, 1.800, 2.000, 2.000, 2.000, 2.000, 2.000, 2.000)}
Value for bc's (0.200, 2.000): {(0.600, 1.000, 1.400, 1.600, 1.800, 2.000, 2.000, 2.000, 2.000), (0.800, 1.400, 1.800, 2.000, 2.000, 2.000, 2.000, 2.000, 2.000)}
Value for bc's (0.400, 0.000): {(0.600, 0.800, 1.000, 1.000, 1.000, 1.000, 1.000, 0.800, 0.400), (0.800, 1.000, 1.200, 1.400, 1.400, 1.200, 1.000, 0.800, 0.400), (1.000, 1.400, 1.600, 1.800, 1.800, 1.600, 1.200, 0.800, 0.400), (1.000, 1.400, 1.600, 1.800, 1.800, 1.800, 1.600, 1.200, 0.600), (1.000, 1.400, 1.600, 1.800, 2.000, 2.000, 2.000, 1.600, 0.800)}
Value for bc's (0.400, 0.200): {(0.600, 0.600, 0.600, 0.600, 0.600, 0.600, 0.600, 0.600, 0.400), (0.600, 0.800, 1.000, 1.000, 1.000, 1.000, 0.800, 0.600, 0.400), (0.800, 1.200, 1.400, 1.400, 1.200, 1.000, 0.800, 0.600, 0.400), (1.000, 1.400, 1.600, 1.600, 1.600, 1.600, 1.400, 1.000, 0.600), (1.000, 1.400, 1.600, 1.800, 2.000, 2.000, 1.800, 1.400, 0.800)}
Value for bc's (0.400, 0.400): {(0.400, 0.400, 0.400, 0.400, 0.400, 0.400, 0.400, 0.400, 0.400), (0.600, 0.800, 0.800, 0.800, 0.800, 0.800, 0.800, 0.800, 0.600), (0.600, 0.800, 1.000, 1.200, 1.200, 1.200, 1.000, 0.800, 0.600), (0.800, 1.200, 1.400, 1.400, 1.400, 1.200, 1.000, 0.800, 0.600), (0.600, 0.800, 1.000, 1.200, 1.400, 1.400, 1.400, 1.200, 0.800), (0.800, 1.200, 1.400, 1.400, 1.400, 1.400, 1.400, 1.200, 0.800), (1.000, 1.400, 1.600, 1.800, 1.800, 1.800, 1.600, 1.200, 0.800), (1.000, 1.400, 1.600, 1.800, 2.000, 2.000, 2.000, 1.600, 1.000)}
Value for bc's (0.400, 0.600): {(0.600, 0.600, 0.600, 0.600, 0.600, 0.600, 0.600, 0.600, 0.600), (0.600, 0.800, 1.000, 1.000, 1.000, 1.000, 1.000, 1.000, 0.800), (0.600, 0.800, 1.000, 1.200, 1.400, 1.400, 1.200, 1.000, 0.800), (0.800, 1.200, 1.400, 1.400, 1.400, 1.400, 1.200, 1.000, 0.800), (1.000, 1.400, 1.600, 1.600, 1.600, 1.600, 1.600, 1.400, 1.000), (1.000, 1.400, 1.600, 1.800, 2.000, 2.000, 1.800, 1.600, 1.200)}
Value for bc's (0.400, 0.800): {(0.600, 0.800, 0.800, 0.800, 0.800, 0.800, 0.800, 0.800, 0.800), (0.600, 0.800, 1.000, 1.200, 1.200, 1.200, 1.200, 1.200, 1.000), (0.800, 1.200, 1.400, 1.400, 1.400, 1.400, 1.400, 1.200, 1.000), (1.000, 1.400, 1.600, 1.800, 1.800, 1.800, 1.800, 1.600, 1.200), (1.000, 1.400, 1.600, 1.800, 2.000, 2.000, 2.000, 2.000, 1.600)}
Value for bc's (0.400, 1.000): {(0.600, 0.800, 1.000, 1.000, 1.000, 1.000, 1.000, 1.000, 1.000), (0.600, 0.800, 1.000, 1.200, 1.400, 1.400, 1.400, 1.400, 1.200), (0.800, 1.200, 1.400, 1.400, 1.400, 1.400, 1.400, 1.400, 1.200), (1.000, 1.400, 1.600, 1.600, 1.600, 1.600, 1.600, 1.600, 1.400), (1.000, 1.400, 1.600, 1.800, 2.000, 2.000, 1.800, 1.600, 1.400)}
Value for bc's (0.400, 1.200): {(0.600, 0.800, 1.000, 1.200, 1.200, 1.200, 1.200, 1.200, 1.200), (0.800, 1.200, 1.400, 1.400, 1.400, 1.400, 1.400, 1.400, 1.400), (1.000, 1.400, 1.600, 1.800, 1.800, 1.800, 1.800, 1.800, 1.600)}
Value for bc's (0.400, 1.400): {(0.600, 0.800, 1.000, 1.200, 1.400, 1.400, 1.400, 1.400, 1.400), (0.800, 1.200, 1.400, 1.400, 1.400, 1.400, 1.400, 1.400, 1.400), (1.000, 1.400, 1.600, 1.600, 1.600, 1.600, 1.600, 1.600, 1.600), (1.000, 1.400, 1.600, 1.800, 2.000, 2.000, 2.000, 1.800, 1.600)}
Value for bc's (0.400, 1.600): {(1.000, 1.400, 1.600, 1.600, 1.600, 1.600, 1.600, 1.600, 1.600), (1.000, 1.400, 1.600, 1.800, 2.000, 2.000, 2.000, 2.000, 1.800)}
Value for bc's (0.400, 1.800): {(1.000, 1.400, 1.600, 1.800, 1.800, 1.800, 1.800, 1.800, 1.800)}
Value for bc's (0.400, 2.000): {(1.000, 1.400, 1.600, 1.800, 2.000, 2.000, 2.000, 2.000, 2.000)}
Value for bc's (0.600, 0.000): {(0.800, 1.000, 1.000, 1.000, 1.000, 1.000, 1.000, 0.800, 0.400), (0.800, 1.000, 1.200, 1.400, 1.400, 1.200, 1.000, 0.800, 0.400), (1.000, 1.400, 1.600, 1.800, 1.800, 1.600, 1.200, 0.800, 0.400), (1.000, 1.400, 1.600, 1.800, 1.800, 1.800, 1.600, 1.200, 0.600), (1.000, 1.400, 1.600, 1.800, 2.000, 2.000, 2.000, 1.600, 0.800)}
Value for bc's (0.600, 0.200): {(0.600, 0.600, 0.600, 0.600, 0.600, 0.600, 0.600, 0.600, 0.400), (0.800, 1.000, 1.000, 1.000, 1.000, 1.000, 0.800, 0.600, 0.400), (1.000, 1.200, 1.400, 1.400, 1.200, 1.000, 0.800, 0.600, 0.400), (1.000, 1.400, 1.600, 1.600, 1.600, 1.600, 1.400, 1.000, 0.600), (1.000, 1.400, 1.600, 1.800, 2.000, 2.000, 1.800, 1.400, 0.800)}
Value for bc's (0.600, 0.400): {(0.600, 0.600, 0.600, 0.600, 0.600, 0.600, 0.600, 0.600, 0.600), (0.800, 1.000, 1.000, 1.000, 1.000, 1.000, 1.000, 0.800, 0.600), (0.800, 1.000, 1.200, 1.400, 1.400, 1.200, 1.000, 0.800, 0.600), (0.800, 1.000, 1.200, 1.400, 1.400, 1.400, 1.400, 1.200, 0.800), (1.000, 1.400, 1.600, 1.800, 1.800, 1.800, 1.600, 1.200, 0.800), (1.000, 1.400, 1.600, 1.800, 2.000, 2.000, 2.000, 1.600, 1.000)}
Value for bc's (0.600, 0.600): {(0.600, 0.600, 0.600, 0.600, 0.600, 0.600, 0.600, 0.600, 0.600), (0.800, 0.800, 0.800, 0.800, 0.800, 0.800, 0.800, 0.800, 0.800), (0.800, 1.000, 1.200, 1.200, 1.200, 1.200, 1.200, 1.000, 0.800), (1.000, 1.400, 1.600, 1.600, 1.600, 1.600, 1.600, 1.400, 1.000), (1.200, 1.600, 1.800, 2.000, 2.000, 1.800, 1.600, 1.400, 1.000), (1.000, 1.400, 1.600, 1.800, 2.000, 2.000, 2.000, 1.600, 1.200)}
Value for bc's (0.600, 0.800): {(0.800, 0.800, 0.800, 0.800, 0.800, 0.800, 0.800, 0.800, 0.800), (0.800, 1.000, 1.200, 1.200, 1.200, 1.200, 1.200, 1.200, 1.000), (1.000, 1.400, 1.600, 1.800, 1.800, 1.800, 1.800, 1.600, 1.200), (1.000, 1.400, 1.600, 1.800, 2.000, 2.000, 2.000, 2.000, 1.600)}
Value for bc's (0.600, 1.000): {(0.800, 1.000, 1.000, 1.000, 1.000, 1.000, 1.000, 1.000, 1.000), (0.800, 1.000, 1.200, 1.400, 1.400, 1.400, 1.400, 1.400, 1.200), (1.000, 1.400, 1.600, 1.600, 1.600, 1.600, 1.600, 1.600, 1.400), (1.000, 1.400, 1.600, 1.800, 2.000, 2.000, 1.800, 1.600, 1.400), (1.200, 1.600, 1.800, 2.000, 2.000, 2.000, 2.000, 2.000, 1.600)}
Value for bc's (0.600, 1.200): {(0.800, 1.000, 1.200, 1.200, 1.200, 1.200, 1.200, 1.200, 1.200), (1.000, 1.400, 1.600, 1.800, 1.800, 1.800, 1.800, 1.800, 1.600)}
Value for bc's (0.600, 1.400): {(0.800, 1.000, 1.200, 1.400, 1.400, 1.400, 1.400, 1.400, 1.400), (1.000, 1.400, 1.600, 1.600, 1.600, 1.600, 1.600, 1.600, 1.600), (1.000, 1.400, 1.600, 1.800, 2.000, 2.000, 2.000, 1.800, 1.600)}
Value for bc's (0.600, 1.600): {(1.000, 1.400, 1.600, 1.600, 1.600, 1.600, 1.600, 1.600, 1.600), (1.000, 1.400, 1.600, 1.800, 2.000, 2.000, 2.000, 2.000, 1.800)}
Value for bc's (0.600, 1.800): {(1.000, 1.400, 1.600, 1.800, 1.800, 1.800, 1.800, 1.800, 1.800)}
Value for bc's (0.600, 2.000): {(1.000, 1.400, 1.600, 1.800, 2.000, 2.000, 2.000, 2.000, 2.000)}
Value for bc's (0.800, 0.000): {(1.000, 1.000, 1.000, 1.000, 1.000, 1.000, 1.000, 0.800, 0.400), (1.000, 1.200, 1.400, 1.400, 1.400, 1.200, 1.000, 0.800, 0.400), (1.400, 1.800, 2.000, 2.000, 1.800, 1.600, 1.200, 0.800, 0.400), (1.400, 1.800, 2.000, 2.000, 2.000, 1.800, 1.600, 1.200, 0.600), (1.400, 1.800, 2.000, 2.000, 2.000, 2.000, 2.000, 1.600, 0.800)}
Value for bc's (0.800, 0.200): {(0.800, 0.800, 0.800, 0.800, 0.800, 0.800, 0.800, 0.600, 0.400), (1.000, 1.200, 1.200, 1.200, 1.200, 1.000, 0.800, 0.600, 0.400), (1.400, 1.800, 2.000, 2.000, 1.800, 1.600, 1.400, 1.000, 0.600), (1.400, 1.800, 2.000, 2.000, 2.000, 2.000, 1.800, 1.400, 0.800)}
Value for bc's (0.800, 0.400): {(0.800, 0.800, 0.800, 0.800, 0.800, 0.800, 0.800, 0.800, 0.600), (1.000, 1.200, 1.200, 1.200, 1.200, 1.200, 1.000, 0.800, 0.600), (1.000, 1.200, 1.400, 1.400, 1.400, 1.400, 1.400, 1.200, 0.800), (1.400, 1.800, 2.000, 2.000, 2.000, 1.800, 1.600, 1.200, 0.800), (1.400, 1.800, 2.000, 2.000, 2.000, 2.000, 2.000, 1.600, 1.000)}
Value for bc's (0.800, 0.600): {(0.800, 0.800, 0.800, 0.800, 0.800, 0.800, 0.800, 0.800, 0.800), (1.000, 1.200, 1.200, 1.200, 1.200, 1.200, 1.200, 1.000, 0.800), (1.400, 1.800, 2.000, 2.000, 2.000, 1.800, 1.600, 1.400, 1.000), (1.400, 1.800, 2.000, 2.000, 2.000, 2.000, 2.000, 1.800, 1.200)}
Value for bc's (0.800, 0.800): {(0.800, 0.800, 0.800, 0.800, 0.800, 0.800, 0.800, 0.800, 0.800), (1.000, 1.200, 1.200, 1.200, 1.200, 1.200, 1.200, 1.200, 1.000), (1.400, 1.800, 2.000, 2.000, 2.000, 2.000, 1.800, 1.600, 1.200)}
Value for bc's (0.800, 1.000): {(1.000, 1.000, 1.000, 1.000, 1.000, 1.000, 1.000, 1.000, 1.000), (1.000, 1.200, 1.400, 1.400, 1.400, 1.400, 1.400, 1.400, 1.200), (1.400, 1.800, 2.000, 2.000, 2.000, 2.000, 1.800, 1.600, 1.400)}
Value for bc's (0.800, 1.200): {(1.000, 1.200, 1.200, 1.200, 1.200, 1.200, 1.200, 1.200, 1.200), (1.400, 1.800, 2.000, 2.000, 2.000, 2.000, 2.000, 1.800, 1.600)}
Value for bc's (0.800, 1.400): {(1.000, 1.200, 1.400, 1.400, 1.400, 1.400, 1.400, 1.400, 1.400), (1.400, 1.800, 2.000, 2.000, 2.000, 2.000, 2.000, 1.800, 1.600)}
Value for bc's (0.800, 1.600): {(1.400, 1.800, 2.000, 2.000, 2.000, 2.000, 2.000, 2.000, 1.800)}
Value for bc's (0.800, 1.800): {(1.400, 1.800, 2.000, 2.000, 2.000, 2.000, 2.000, 2.000, 2.000)}
Value for bc's (0.800, 2.000): {(1.400, 1.800, 2.000, 2.000, 2.000, 2.000, 2.000, 2.000, 2.000)}
Value for bc's (1.000, 0.000): {(1.000, 1.000, 1.000, 1.000, 1.000, 1.000, 1.000, 0.800, 0.400), (1.200, 1.400, 1.400, 1.400, 1.400, 1.200, 1.000, 0.800, 0.400), (1.400, 1.600, 1.800, 1.800, 1.800, 1.600, 1.200, 0.800, 0.400), (1.400, 1.600, 1.800, 1.800, 1.800, 1.800, 1.600, 1.200, 0.600), (1.400, 1.600, 1.800, 2.000, 2.000, 2.000, 2.000, 1.600, 0.800)}
Value for bc's (1.000, 0.200): {(1.000, 1.000, 1.000, 1.000, 1.000, 1.000, 0.800, 0.600, 0.400), (1.200, 1.400, 1.400, 1.400, 1.200, 1.000, 0.800, 0.600, 0.400), (1.400, 1.600, 1.600, 1.600, 1.600, 1.600, 1.400, 1.000, 0.600), (1.400, 1.600, 1.800, 2.000, 2.000, 2.000, 1.800, 1.400, 0.800)}
Value for bc's (1.000, 0.400): {(1.000, 1.000, 1.000, 1.000, 1.000, 1.000, 1.000, 0.800, 0.600), (1.200, 1.400, 1.400, 1.400, 1.400, 1.200, 1.000, 0.800, 0.600), (1.200, 1.400, 1.400, 1.400, 1.400, 1.400, 1.400, 1.200, 0.800), (1.400, 1.600, 1.800, 1.800, 1.800, 1.800, 1.600, 1.200, 0.800), (1.400, 1.600, 1.800, 2.000, 2.000, 2.000, 2.000, 1.600, 1.000)}
Value for bc's (1.000, 0.600): {(1.000, 1.000, 1.000, 1.000, 1.000, 1.000, 1.000, 1.000, 0.800), (1.200, 1.400, 1.400, 1.400, 1.400, 1.400, 1.200, 1.000, 0.800), (1.400, 1.600, 1.600, 1.600, 1.600, 1.600, 1.600, 1.400, 1.000), (1.400, 1.600, 1.800, 2.000, 2.000, 1.800, 1.600, 1.400, 1.000), (1.400, 1.600, 1.800, 2.000, 2.000, 2.000, 2.000, 1.800, 1.200)}
Value for bc's (1.000, 0.800): {(1.000, 1.000, 1.000, 1.000, 1.000, 1.000, 1.000, 1.000, 1.000), (1.200, 1.400, 1.400, 1.400, 1.400, 1.400, 1.400, 1.200, 1.000), (1.400, 1.600, 1.800, 1.800, 1.800, 1.800, 1.800, 1.600, 1.200), (1.400, 1.600, 1.800, 2.000, 2.000, 2.000, 2.000, 2.000, 1.600)}
Value for bc's (1.000, 1.000): {(1.000, 1.000, 1.000, 1.000, 1.000, 1.000, 1.000, 1.000, 1.000), (1.200, 1.400, 1.400, 1.400, 1.400, 1.400, 1.400, 1.400, 1.200), (1.400, 1.600, 1.600, 1.600, 1.600, 1.600, 1.600, 1.600, 1.400), (1.400, 1.600, 1.800, 2.000, 2.000, 2.000, 1.800, 1.600, 1.400)}
Value for bc's (1.000, 1.200): {(1.200, 1.200, 1.200, 1.200, 1.200, 1.200, 1.200, 1.200, 1.200), (1.400, 1.600, 1.800, 1.800, 1.800, 1.800, 1.800, 1.800, 1.600)}
Value for bc's (1.000, 1.400): {(1.200, 1.400, 1.400, 1.400, 1.400, 1.400, 1.400, 1.400, 1.400), (1.400, 1.600, 1.600, 1.600, 1.600, 1.600, 1.600, 1.600, 1.600), (1.400, 1.600, 1.800, 2.000, 2.000, 2.000, 2.000, 1.800, 1.600)}
Value for bc's (1.000, 1.600): {(1.400, 1.600, 1.600, 1.600, 1.600, 1.600, 1.600, 1.600, 1.600), (1.400, 1.600, 1.800, 2.000, 2.000, 2.000, 2.000, 2.000, 1.800)}
Value for bc's (1.000, 1.800): {(1.400, 1.600, 1.800, 1.800, 1.800, 1.800, 1.800, 1.800, 1.800)}
Value for bc's (1.000, 2.000): {(1.400, 1.600, 1.800, 2.000, 2.000, 2.000, 2.000, 2.000, 2.000)}
Value for bc's (1.200, 0.000): {(1.200, 1.200, 1.200, 1.200, 1.200, 1.200, 1.000, 0.800, 0.400), (1.600, 1.800, 1.800, 1.800, 1.800, 1.600, 1.200, 0.800, 0.400), (1.600, 1.800, 1.800, 1.800, 1.800, 1.800, 1.600, 1.200, 0.600), (1.600, 1.800, 2.000, 2.000, 2.000, 2.000, 2.000, 1.600, 0.800)}
Value for bc's (1.200, 0.200): {(1.200, 1.200, 1.200, 1.200, 1.200, 1.000, 0.800, 0.600, 0.400), (1.600, 1.800, 1.800, 1.800, 1.800, 1.600, 1.400, 1.000, 0.600), (1.600, 1.800, 2.000, 2.000, 2.000, 2.000, 1.800, 1.400, 0.800)}
Value for bc's (1.200, 0.400): {(1.200, 1.200, 1.200, 1.200, 1.200, 1.200, 1.000, 0.800, 0.600), (1.400, 1.400, 1.400, 1.400, 1.400, 1.400, 1.400, 1.200, 0.800), (1.600, 1.800, 1.800, 1.800, 1.800, 1.800, 1.600, 1.200, 0.800), (1.600, 1.800, 2.000, 2.000, 2.000, 2.000, 2.000, 1.600, 1.000)}
Value for bc's (1.200, 0.600): {(1.200, 1.200, 1.200, 1.200, 1.200, 1.200, 1.200, 1.000, 0.800), (1.600, 1.800, 1.800, 1.800, 1.800, 1.800, 1.600, 1.400, 1.000), (1.600, 1.800, 2.000, 2.000, 2.000, 2.000, 2.000, 1.600, 1.200)}
Value for bc's (1.200, 0.800): {(1.200, 1.200, 1.200, 1.200, 1.200, 1.200, 1.200, 1.200, 1.000), (1.600, 1.800, 1.800, 1.800, 1.800, 1.800, 1.800, 1.600, 1.200), (1.600, 1.800, 2.000, 2.000, 2.000, 2.000, 2.000, 2.000, 1.600)}
Value for bc's (1.200, 1.000): {(1.200, 1.200, 1.200, 1.200, 1.200, 1.200, 1.200, 1.200, 1.200), (1.600, 1.800, 1.800, 1.800, 1.800, 1.800, 1.800, 1.600, 1.400), (1.600, 1.800, 2.000, 2.000, 2.000, 2.000, 2.000, 2.000, 1.600)}
Value for bc's (1.200, 1.200): {(1.200, 1.200, 1.200, 1.200, 1.200, 1.200, 1.200, 1.200, 1.200), (1.600, 1.800, 1.800, 1.800, 1.800, 1.800, 1.800, 1.800, 1.600)}
Value for bc's (1.200, 1.400): {(1.400, 1.400, 1.400, 1.400, 1.400, 1.400, 1.400, 1.400, 1.400), (1.600, 1.800, 1.800, 1.800, 1.800, 1.800, 1.800, 1.800, 1.600)}
Value for bc's (1.200, 1.600): {(1.600, 1.800, 1.800, 1.800, 1.800, 1.800, 1.800, 1.800, 1.800)}
Value for bc's (1.200, 1.800): {(1.600, 1.800, 1.800, 1.800, 1.800, 1.800, 1.800, 1.800, 1.800)}
Value for bc's (1.200, 2.000): {(1.600, 1.800, 2.000, 2.000, 2.000, 2.000, 2.000, 2.000, 2.000)}
Value for bc's (1.400, 0.000): {(1.400, 1.400, 1.400, 1.400, 1.400, 1.200, 1.000, 0.800, 0.400), (1.600, 1.800, 1.800, 1.800, 1.800, 1.600, 1.200, 0.800, 0.400), (1.600, 1.800, 1.800, 1.800, 1.800, 1.800, 1.600, 1.200, 0.600), (1.600, 1.800, 2.000, 2.000, 2.000, 2.000, 2.000, 1.600, 0.800)}
Value for bc's (1.400, 0.200): {(1.400, 1.400, 1.400, 1.400, 1.200, 1.000, 0.800, 0.600, 0.400), (1.600, 1.600, 1.600, 1.600, 1.600, 1.600, 1.400, 1.000, 0.600), (1.600, 1.800, 2.000, 2.000, 1.800, 1.600, 1.400, 1.000, 0.600), (1.600, 1.800, 2.000, 2.000, 2.000, 2.000, 1.800, 1.400, 0.800)}
Value for bc's (1.400, 0.400): {(1.400, 1.400, 1.400, 1.400, 1.400, 1.200, 1.000, 0.800, 0.600), (1.400, 1.400, 1.400, 1.400, 1.400, 1.400, 1.400, 1.200, 0.800), (1.600, 1.800, 1.800, 1.800, 1.800, 1.800, 1.600, 1.200, 0.800), (1.600, 1.800, 2.000, 2.000, 2.000, 2.000, 2.000, 1.600, 1.000)}
Value for bc's (1.400, 0.600): {(1.400, 1.400, 1.400, 1.400, 1.400, 1.400, 1.200, 1.000, 0.800), (1.600, 1.600, 1.600, 1.600, 1.600, 1.600, 1.600, 1.400, 1.000), (1.600, 1.800, 2.000, 2.000, 2.000, 1.800, 1.600, 1.400, 1.000), (1.600, 1.800, 2.000, 2.000, 2.000, 2.000, 2.000, 1.800, 1.200)}
Value for bc's (1.400, 0.800): {(1.400, 1.400, 1.400, 1.400, 1.400, 1.400, 1.400, 1.200, 1.000), (1.600, 1.800, 1.800, 1.800, 1.800, 1.800, 1.800, 1.600, 1.200), (1.600, 1.800, 2.000, 2.000, 2.000, 2.000, 2.000, 2.000, 1.600)}
Value for bc's (1.400, 1.000): {(1.400, 1.400, 1.400, 1.400, 1.400, 1.400, 1.400, 1.400, 1.200), (1.600, 1.600, 1.600, 1.600, 1.600, 1.600, 1.600, 1.600, 1.400), (1.600, 1.800, 2.000, 2.000, 2.000, 2.000, 1.800, 1.600, 1.400)}
Value for bc's (1.400, 1.200): {(1.400, 1.400, 1.400, 1.400, 1.400, 1.400, 1.400, 1.400, 1.400), (1.600, 1.800, 1.800, 1.800, 1.800, 1.800, 1.800, 1.800, 1.600)}
Value for bc's (1.400, 1.400): {(1.400, 1.400, 1.400, 1.400, 1.400, 1.400, 1.400, 1.400, 1.400), (1.600, 1.600, 1.600, 1.600, 1.600, 1.600, 1.600, 1.600, 1.600), (1.600, 1.800, 2.000, 2.000, 2.000, 2.000, 2.000, 1.800, 1.600)}
Value for bc's (1.400, 1.600): {(1.600, 1.600, 1.600, 1.600, 1.600, 1.600, 1.600, 1.600, 1.600), (1.600, 1.800, 2.000, 2.000, 2.000, 2.000, 2.000, 2.000, 1.800)}
Value for bc's (1.400, 1.800): {(1.600, 1.800, 1.800, 1.800, 1.800, 1.800, 1.800, 1.800, 1.800)}
Value for bc's (1.400, 2.000): {(1.600, 1.800, 2.000, 2.000, 2.000, 2.000, 2.000, 2.000, 2.000)}
Value for bc's (1.600, 0.000): {(1.800, 1.800, 1.800, 1.800, 1.800, 1.600, 1.200, 0.800, 0.400), (1.800, 1.800, 1.800, 1.800, 1.800, 1.800, 1.600, 1.200, 0.600), (1.800, 2.000, 2.000, 2.000, 2.000, 2.000, 2.000, 1.600, 0.800)}
Value for bc's (1.600, 0.200): {(1.600, 1.600, 1.600, 1.600, 1.600, 1.600, 1.400, 1.000, 0.600), (1.800, 2.000, 2.000, 2.000, 1.800, 1.600, 1.400, 1.000, 0.600), (1.800, 2.000, 2.000, 2.000, 2.000, 2.000, 1.800, 1.400, 0.800)}
Value for bc's (1.600, 0.400): {(1.800, 1.800, 1.800, 1.800, 1.800, 1.800, 1.600, 1.200, 0.800), (1.800, 2.000, 2.000, 2.000, 2.000, 2.000, 2.000, 1.600, 1.000)}
Value for bc's (1.600, 0.600): {(1.600, 1.600, 1.600, 1.600, 1.600, 1.600, 1.600, 1.400, 1.000), (1.800, 2.000, 2.000, 2.000, 2.000, 1.800, 1.600, 1.400, 1.000), (1.800, 2.000, 2.000, 2.000, 2.000, 2.000, 2.000, 1.800, 1.200)}
Value for bc's (1.600, 0.800): {(1.800, 1.800, 1.800, 1.800, 1.800, 1.800, 1.800, 1.600, 1.200), (1.800, 2.000, 2.000, 2.000, 2.000, 2.000, 2.000, 2.000, 1.600)}
Value for bc's (1.600, 1.000): {(1.600, 1.600, 1.600, 1.600, 1.600, 1.600, 1.600, 1.600, 1.400), (1.800, 2.000, 2.000, 2.000, 2.000, 2.000, 1.800, 1.600, 1.400)}
Value for bc's (1.600, 1.200): {(1.800, 1.800, 1.800, 1.800, 1.800, 1.800, 1.800, 1.800, 1.600)}
Value for bc's (1.600, 1.400): {(1.600, 1.600, 1.600, 1.600, 1.600, 1.600, 1.600, 1.600, 1.600), (1.800, 2.000, 2.000, 2.000, 2.000, 2.000, 2.000, 1.800, 1.600)}
Value for bc's (1.600, 1.600): {(1.600, 1.600, 1.600, 1.600, 1.600, 1.600, 1.600, 1.600, 1.600), (1.800, 2.000, 2.000, 2.000, 2.000, 2.000, 2.000, 2.000, 1.800)}
Value for bc's (1.600, 1.800): {(1.800, 1.800, 1.800, 1.800, 1.800, 1.800, 1.800, 1.800, 1.800)}
Value for bc's (1.600, 2.000): {(1.800, 2.000, 2.000, 2.000, 2.000, 2.000, 2.000, 2.000, 2.000)}
Value for bc's (1.800, 0.000): {(1.800, 1.800, 1.800, 1.800, 1.800, 1.600, 1.200, 0.800, 0.400), (1.800, 1.800, 1.800, 1.800, 1.800, 1.800, 1.600, 1.200, 0.600), (2.000, 2.000, 2.000, 2.000, 2.000, 2.000, 2.000, 1.600, 0.800)}
Value for bc's (1.800, 0.200): {(1.800, 1.800, 1.800, 1.800, 1.800, 1.600, 1.400, 1.000, 0.600), (2.000, 2.000, 2.000, 2.000, 2.000, 2.000, 1.800, 1.400, 0.800)}
Value for bc's (1.800, 0.400): {(1.800, 1.800, 1.800, 1.800, 1.800, 1.800, 1.600, 1.200, 0.800), (2.000, 2.000, 2.000, 2.000, 2.000, 2.000, 2.000, 1.600, 1.000)}
Value for bc's (1.800, 0.600): {(1.800, 1.800, 1.800, 1.800, 1.800, 1.800, 1.600, 1.400, 1.000), (2.000, 2.000, 2.000, 2.000, 2.000, 2.000, 2.000, 1.600, 1.200)}
Value for bc's (1.800, 0.800): {(1.800, 1.800, 1.800, 1.800, 1.800, 1.800, 1.800, 1.600, 1.200), (2.000, 2.000, 2.000, 2.000, 2.000, 2.000, 2.000, 2.000, 1.600)}
Value for bc's (1.800, 1.000): {(1.800, 1.800, 1.800, 1.800, 1.800, 1.800, 1.800, 1.600, 1.400), (2.000, 2.000, 2.000, 2.000, 2.000, 2.000, 2.000, 2.000, 1.600)}
Value for bc's (1.800, 1.200): {(1.800, 1.800, 1.800, 1.800, 1.800, 1.800, 1.800, 1.800, 1.600)}
Value for bc's (1.800, 1.400): {(1.800, 1.800, 1.800, 1.800, 1.800, 1.800, 1.800, 1.800, 1.600)}
Value for bc's (1.800, 1.600): {(1.800, 1.800, 1.800, 1.800, 1.800, 1.800, 1.800, 1.800, 1.800)}
Value for bc's (1.800, 1.800): {(1.800, 1.800, 1.800, 1.800, 1.800, 1.800, 1.800, 1.800, 1.800)}
Value for bc's (1.800, 2.000): {(2.000, 2.000, 2.000, 2.000, 2.000, 2.000, 2.000, 2.000, 2.000)}
Value for bc's (2.000, 0.000): {(2.000, 2.000, 2.000, 2.000, 1.800, 1.600, 1.200, 0.800, 0.400), (2.000, 2.000, 2.000, 2.000, 2.000, 1.800, 1.600, 1.200, 0.600), (2.000, 2.000, 2.000, 2.000, 2.000, 2.000, 2.000, 1.600, 0.800)}
Value for bc's (2.000, 0.200): {(2.000, 2.000, 2.000, 2.000, 1.800, 1.600, 1.400, 1.000, 0.600), (2.000, 2.000, 2.000, 2.000, 2.000, 2.000, 1.800, 1.400, 0.800)}
Value for bc's (2.000, 0.400): {(2.000, 2.000, 2.000, 2.000, 2.000, 1.800, 1.600, 1.200, 0.800), (2.000, 2.000, 2.000, 2.000, 2.000, 2.000, 2.000, 1.600, 1.000)}
Value for bc's (2.000, 0.600): {(2.000, 2.000, 2.000, 2.000, 2.000, 1.800, 1.600, 1.400, 1.000), (2.000, 2.000, 2.000, 2.000, 2.000, 2.000, 2.000, 1.800, 1.200)}
Value for bc's (2.000, 0.800): {(2.000, 2.000, 2.000, 2.000, 2.000, 2.000, 1.800, 1.600, 1.200)}
Value for bc's (2.000, 1.000): {(2.000, 2.000, 2.000, 2.000, 2.000, 2.000, 1.800, 1.600, 1.400)}
Value for bc's (2.000, 1.200): {(2.000, 2.000, 2.000, 2.000, 2.000, 2.000, 2.000, 1.800, 1.600)}
Value for bc's (2.000, 1.400): {(2.000, 2.000, 2.000, 2.000, 2.000, 2.000, 2.000, 1.800, 1.600)}
Value for bc's (2.000, 1.600): {(2.000, 2.000, 2.000, 2.000, 2.000, 2.000, 2.000, 2.000, 1.800)}
Value for bc's (2.000, 1.800): {(2.000, 2.000, 2.000, 2.000, 2.000, 2.000, 2.000, 2.000, 2.000)}
Value for bc's (2.000, 2.000): {(2.000, 2.000, 2.000, 2.000, 2.000, 2.000, 2.000, 2.000, 2.000)}